27.11125168636023,38.455946845335077 27.082412575036393,38.480676936988402 27.038467262542245,38.511846267420232 27.03160080746548,38.545150291846454 27.063186500820205,38.580586022742338 27.072799537927846,38.596687396754895
26.951949928569835,38.762856740184091 26.972549293801016,38.739294911866203 27.000015114109864,38.70608095558125 27.067306373866082,38.646042425816347 27.085159157067274,38.608492776132351
27.123611305498759,38.620296213470112 27.085159157067274,38.608492776132351
27.085159157067274,38.608492776132351 27.153823707838487,38.625660770213592 27.188155983224988,38.617077286805333 27.232101295718241,38.642824654957288 27.336471412890948,38.652477534055151
27.060439918789317,38.70608095558125 27.056320045742538,38.707152614480499 27.166183326977919,38.653549995901869
27.166183326977919,38.653549995901869 27.163436744947028,38.656767285106305
27.135970924638187,38.678212186740787 27.08653244808227,38.702865882509208
27.10713181331435,38.69965066488141 27.04258713558902,38.741437217607668
26.923110817245998,38.758573349852647 26.90800461607569,38.656767285106305
27.070052955896966,38.764998338934483 27.248580787903546,38.727511081571009
27.127731178545535,38.50432387069965 27.226608131656469,38.483901975845981
27.218368385563821,38.473151285153023 27.120864723467875,38.476376660709263
26.950576637554843,38.767139873406585 26.973922584816911,38.79069250992832 27.027480934418705,38.783199332968998 27.046707008634893,38.774634737851628
26.890151832875389,38.824937003082496 26.936843727400419,38.766069114205038
27.004134987156636,38.858095656705366 27.065933082851089,38.855956855038087 27.108505104329343,38.846331451551592 27.135970924638187,38.826006878246304
27.063186500820205,38.868788700157872 27.118118141436991,38.951071257211346 27.118118141436991,38.948935254606162
27.101638649252582,38.866650220121812 27.175796364085564,38.991643075377766
27.1510771258076,38.968156960672722 27.212875221502053,39.042858462334578
27.212875221502053,39.042858462334578 27.208755348456172,39.041791853485215
27.059066627773429,38.902995631230922 27.109878395345234,38.969224680342691 27.145583961745835,39.04392505508136
27.145583961745835,39.04392505508136 27.144210670730843,39.047124736699317
27.071426246912853,38.941458738595223 27.081039284020498,38.984171065735971
27.083785866051382,38.986306006116905 27.145583961745835,39.07058463980411
27.156570289869368,39.067386021115595 27.159316871900252,39.06951844968124 27.177169655101451,39.071650813821115
27.179916237132336,39.06951844968124 27.244460914857672,39.09616837050212
26.869552467644205,39.064187257470671 26.914871071153346,39.0076518685172
26.914871071153346,39.0076518685172 26.91761765318423,39.006584728330509 26.913497780137455,39.011920268273144
26.901138160998922,39.042858462334578 26.953323219585727,39.004450399659611
26.918990944199223,39.056722911936163 26.961562965678375,39.06098834887414
26.9931486590331,39.054590096837082 26.9931486590331,39.054590096837082
26.916244362168339,39.103628544142929 26.953323219585727,39.072716971730728 26.969802711770136,39.072716971730728
26.98353562192456,39.092970911581453 27.0110014422334,39.080179626102847
26.98353562192456,39.111087928372001 27.021987770356937,39.091905059722194
27.298019264459466,39.216500377718944 27.317245338675658,39.25798311219917
27.254073951965317,39.047124736699317 27.354324196092147,39.084443645662951
27.403762672648064,38.895514272480625 27.403762672648064,38.894445442601047
27.357070778123028,38.946799187632735 27.357070778123028,38.946799187632735 27.362563942184799,38.942526860585275 27.406509254678948,38.893376596636685