27.2046182086901,38.413009740408803 27.220840208809999,38.406889472635001 27.2262475421836,38.412068194489997 27.228135817329399,38.414422036282502 27.232856505194999,38.423567665068198 27.232942335883202,38.423298692512297
27.145287745288499,38.475393419421401 27.166745417404801,38.498236010014402 27.167432062912699,38.498370356772398
27.2405598094842,38.483590711298902 27.227170222083402,38.495414670207701
27.1030590465637,38.494608552825298 27.114732020195198,38.504550036802499 27.1358463695571,38.519996917149903
27.125203364188,38.523623095622803 27.145631068042,38.5397372339363 27.192151301189799,38.519459689986498 27.191807978436302,38.519728304068998
27.145459406665701,38.489368569982503 27.171380274581399,38.526846212003797
27.164915488790999,38.5313321077399 27.2017643382983,38.567659856817599
27.0477840831925,38.514490148647901 27.0809147289403,38.535574760614502
27.041775935,38.514758781274601 27.045552485292401,38.5263090359648 27.052590601746299,38.541751247458997 27.060143702331899,38.551551974843001 27.068555109800901,38.566988767141602
27.294976465970301,38.521742877738603 27.326218836571499,38.507774007208504 27.339265101218,38.501057239323899
27.240388148107002,38.558532500237803 27.261330836091702,38.584300875616897
26.796471827368801,38.236457721691899 26.7957851818609,38.220815330352202 26.798531763891798,38.209216213636097
26.945473902542702,38.202201897349298 26.9571468761742,38.219466690842602 26.9732830456051,38.233221640870902 26.9839260509751,38.246165100071003
26.926591151080999,38.150922919009503 26.956116907912801,38.171978655150397 26.9732830456051,38.186552140967301 26.989762537790401,38.191409321811697 27.015855067084299,38.208676674840497 27.028901331730701,38.230255106943901 27.0405743053613,38.235648714987597 27.0460674694231,38.246973989761301 27.0694134166861,38.268001961999197 27.076966517270801,38.290640664190903 27.0872661998864,38.298185329483999 27.087952845394302,38.330510723410399 27.105805628594599,38.356360661774801
27.2706863811331,38.424240092074399 27.2706863811331,38.4228952318011 27.266223185332802,38.414825544318902 27.2646782329406,38.412404462298198 27.264506571563398,38.409848787710303 27.263304941924702,38.4082346308738 27.2617599895325,38.406216884126302 27.261588328155302,38.403660990710101 27.2629616191712,38.400835950727902 27.261073344024599,38.394916461323 27.261588328155302,38.393840138448397 27.264163248809901,38.393705596962398 27.265708201202099,38.390880167930597 27.266909830840799,38.388592834996601 27.2660515239556,38.383748832318702 27.266223185332802,38.3806538829825 27.267768137725,38.379577347825503 27.2715446880174,38.379039074240097 27.278926127225802,38.379173643011598 27.283904307156799,38.378635366422301 27.299697153834199,38.379173643011598 27.300727122095601,38.381192144553403 27.302443735865101,38.384556188627997 27.301928751734302,38.400566893542198 27.305190317895899,38.407696570582601 27.303988688257299,38.416708552026002 27.305705302026698,38.420070943720901 27.3144600322501,38.428274522647797 27.319953196311801,38.428946905831701 27.324931376242901,38.432174257970097 27.326991312765799,38.432443197470398 27.3288795879124,38.429888231772203 27.3366043498735,38.430426126800498 27.349135630389199,38.431905317467503 27.352053873797299,38.434998072764898 27.3544571330746,38.434729142780903 27.353427164813201,38.431501904835997 27.355658762713301,38.428408999784999 27.3541138103202,38.426122854388403 27.3501655986516,38.4226262567419 27.344844095966099,38.4231642058595 27.342097513935201,38.424912512821102 27.341239207051,38.428946905831701 27.338149302266601,38.430291653418799
27.299697153834199,38.379173643011598 27.300984614160999,38.377827944027601 27.305876963403001,38.378097085826703 27.308709376122,38.376818653363003 27.3170349529037,38.376347646233903 27.324244730734002,38.373723407527997 27.3272488048312,38.375943923397301 27.3323128154504,38.377155085148502 27.338235132953798,38.380788448750202 27.3409817149847,38.384085231875602 27.344929926654299,38.3865072625034 27.348019831439601,38.387987352404103 27.350594752093201,38.390005607998297 27.352053873797299,38.392629256062897 27.354285471697398,38.396127305403901 27.364241831558601,38.401105006911401 27.378747217909101,38.407158506285498 27.380463831678501,38.4124717156717 27.383296244398501,38.415565303198903 27.382437937513298,38.420272682245098 27.3523113658627,38.422155547977098
27.3826954295787,38.420339928295398 27.382094614759801,38.422222792273899 27.383382075086601,38.425383203618303 27.3856136729868,38.426391816426303 27.389218561901899,38.425921132201701 27.391707651867499,38.4245763032295 27.3923942973754,38.422021059195103 27.3915359904911,38.419062242644102 27.392050974621899,38.414960046496397 27.3945400645874,38.411731925117003 27.3949692180291,38.408907200602997 27.3953125407835,38.407225764541501 27.394797556652801,38.403593729135999 27.3958275249142,38.401105006911401 27.398917429698599,38.3968672556935
27.396085016979601,38.393772867736402 27.393595927014101,38.393638326125803 27.3894760539673,38.392023807266298 27.3873302867562,38.392023807266298 27.3856995036749,38.393100157178203 27.382352106825198,38.396127305403901 27.380378000990401,38.396732719840301 27.377803080336701,38.395858230694003 27.3737690379781,38.394781921838998 27.371794932144201,38.394176491067199 27.368790858048001,38.391687444633703 27.365786783951702,38.391081987951203 27.3651001384438,38.389669235977202 27.365014307754699,38.386978203485 27.365786783951702,38.383546991832503 27.367417567032099,38.380923014268198 27.372224085585898,38.375674773588301 27.373425715224599,38.373454249458902 27.3737690379781,38.370291567145799 27.373940699355298,38.365648229924702 27.3749706676168,38.362821704889399 27.3775455882713,38.3599950694801 27.381922953382599,38.357572151282 27.3856136729868,38.356360661774097
27.385956995740301,38.356259703400802 27.388746493115701,38.355014538546399 27.3900339534426,38.353971275831498 27.390463106884201,38.351817395578301 27.388145678295899,38.349192267398102 27.385442011609602,38.3448168423011 27.3846266200689,38.341484610512602 27.3845407893808,38.341181672748199
27.322399370931901,38.322262383087498 27.342655413409599,38.321184979534898 27.3519251277637,38.3228010788593 27.3586199214642,38.324955821913903 27.370807879226401,38.327514496097997 27.370807879226401,38.327514496097997 27.371322863357101,38.328187816396799
27.298538439539101,38.325090491227598 27.299396746423401,38.332362262631698 27.304374926354399,38.337075058087002 27.307293169762499,38.342999280329003 27.3105547359241,38.350807742156199 27.309524767662701,38.354711657371801 27.313816302085801,38.360903642899999 27.3148462703472,38.365749175207299 27.317592852378102,38.3676334612815
27.3461744716375,38.464271832701002 27.352354281207202,38.455669066659901 27.378446810500101,38.440342848397499 27.4333784511178,38.424475440049299 27.4701139857799,38.416405929098701 27.503759615658399,38.411832806094502 27.5202391078438,38.406721326095699 27.531225435967301,38.403761882954498
27.435438387640801,38.391115624568201 27.430631869086898,38.3991879597517 27.4261686732866,38.4137158917977 27.4275419643016,38.420171813055198 27.432005160101902,38.424744408222402
27.529508822197901,38.484968033618301 27.524358980889598,38.467497605452003
27.523329012628199,38.4868492118174 27.510626070735199,38.487386682283798 27.506849520442898,38.493567304524497 27.508566134212298,38.497866555137698 27.517835848566399,38.497866555137698 27.5216123988587,38.494642141230599
27.235538714207799,38.564606348175502 27.2396585872537,38.569840854982402 27.2404310634507,38.576215700798301 27.250559084689002,38.587756087653098 27.257683031832102,38.594196427439698 27.261202090059101,38.596275997096299 27.264635317597001,38.601441119128197 27.271673434050999,38.607008301929397 27.274849169524401,38.607276588987602 27.275106661589799,38.605868070743902 27.2710726192321,38.600837422749301 27.271415941985602,38.598087186098503 27.2750208309016,38.5932572472028 27.276394121916599,38.584804072180297 27.269785158905201,38.569505321112899 27.264892809662399,38.565613013713403 27.264206164155301,38.561720495479904 27.263691180024601,38.560109736610599
27.252189867770301,38.540912082012603 27.2579405238974,38.5454770238047 27.263347857270201,38.551585536684399 27.262403719696799,38.556888110576701 27.263605349335499,38.559841273289003
27.290926330358101,38.609049773532703 27.282514922889099,38.599927676250999 27.279596679480999,38.593890356656402 27.284574859412,38.584497961356703 27.2926429441275,38.5877183495829 27.298479430943701,38.586913266066297 27.3003677060894,38.584497961356703
27.3101524045742,38.580472272982099 27.308435790804801,38.576580559724803 27.302427642612301,38.573359672055503 27.302427642612301,38.569199145086998 27.306890838412599,38.568528069787099 27.312555663851601,38.571883383612501 27.3147872617517,38.580874851974002
27.3233703305979,38.585839807335702 27.332811706329299,38.591877803952599 27.3420814206834,38.599256888038902 27.355299346707099,38.603013221282197
27.323027007844399,38.615890585503003 27.3429397275676,38.598854412102298
27.2735885312885,38.608915633443999 27.401304595724199,38.617902464881702 27.4603561093877,38.618438956519199
27.440100066912802,38.253373169523698 27.440100066912802,38.257147536706 27.438383453143299,38.261191283989298 27.4387267758969,38.273590705554597 27.4425033261892,38.285449041063202 27.4531463315592,38.292455328884998 27.461042754898401,38.299999805507802 27.457266204606,38.314547652171001 27.4569228818516,38.317780110707098
27.476492278821301,38.330977820721998 27.482328765637501,38.333670935681702 27.478895538098701,38.339864720247299 27.480612151868101,38.344711660560399 27.4926284482531,38.348481278807803 27.501898162607201,38.343365320782397 27.5115111997148,38.346327235262102 27.509794585946299,38.350096769424503 27.514944427253699,38.355750702789202 27.514944427253699,38.3581736819444 27.5279906919002,38.367057245077604
27.505073898080699,38.3538997613053 27.5149015119101,38.358981323643903
27.525501601935499,38.365509429934797 27.521424644233299,38.367965729854703 27.520866744757999,38.368840556268303 27.5234845807562,38.372979014799697 27.523312919378998,38.3767135181103 27.525158279181099,38.377991952432502 27.528505676031799,38.377689167397897 27.530951850652801,38.3763097973154
27.523184173346301,38.367124540637697 27.538333289860301,38.385359331016303
27.5596193006003,38.222126015423299 27.588458411925,38.230217181722203 27.621417396294799,38.240464700324701 27.633777015434202,38.248553826479601 27.645449989064801,38.251250001830797 27.6859620740201,38.246936073259903
27.697635047651598,38.247475328333302 27.717547767375699,38.255563674350199 27.752566688269301,38.257720414587403 27.769046180454598,38.260955404912302 27.7800325085772,38.2636511201516
27.665362708788901,38.228599020462603 27.690768592574798,38.242082597565698 27.712054603313899,38.244779012957402 27.774539344516299,38.251789224898999
27.789645545685701,38.2668858463975 27.817111365994599,38.273354866741201 27.835650794702801,38.272815803720498
27.7881005932935,38.258529175672798 27.801833503448002,38.263111985106001 27.835135810572101,38.265807620320899
27.836509101587101,38.278206253853902 27.8361657788336,38.272007201687003 27.833762519556199,38.260146670834899
26.861815803382999,38.034158447794901 26.877951972814699,38.056599533378503 26.883788459630001,38.068763511270198 26.8889383009383,38.079574238356699 26.8868783644144,38.0911939877059 26.898551338045898,38.113887704926697 26.9047311476156,38.122260986516203 26.9122842482004,38.127392523238498
26.8889383009383,38.0806552231777 26.8961480787695,38.077412220774299 26.897178047030899,38.07092578452
27.004723899677099,38.108687683969599 27.0225766828774,38.103082051989702 27.020430915666299,38.100042674116601 27.0140794447194,38.096732985538701 27.011762016131101,38.092545001493797 27.011161201312198,38.0894376324514
27.016654365373999,38.104905618028297 27.013221137835099,38.101123356289797 27.015366905047099,38.097475989900502
27.018456809831498,38.104095149852803 27.0187143018969,38.110983842762799 27.0200017622237,38.114765594017001 27.025151603531999,38.117129089114798 27.027812354873799,38.1202352806284 27.0326188734285,38.123678947199799
27.0220616987467,38.124084073765403 27.035966270278301,38.123206296698903 27.0527890852171,38.119222406608799 27.058453910656102,38.116656396214097
27.035880439590098,38.122868687324498 27.031588905166199,38.116453812605897 27.033391349624601,38.112334490688397 27.036652915786199,38.1084850782579 27.036052100966501,38.105716077213103 27.0309880903473,38.105783615072397 27.024894111466601,38.098354076224503 27.026353233170699,38.094503927129502 27.030730598281899,38.093895990309498 27.040515296766799,38.0988944317955 27.0480683973515,38.097746171431503 27.0539048841677,38.103689912393499 27.050900810071401,38.113212398447601 27.054162376232998,38.118277044849002
27.158618324090298,38.1099033064406 27.157330863763502,38.116994034313898 27.154841773797902,38.1212481405991 27.155957572748498,38.1246917594002 27.161021583367699,38.124421677521198 27.16479813366,38.1232062966996 27.1646264722837,38.125501999043202 27.163596504021299,38.134076484071599 27.168403022576001,38.136304334998798 27.1702912977218,38.135021641256102 27.1676305463799,38.130633307959599 27.168488853264201,38.1242191154561 27.169347160148501,38.122936209325403
27.178273551749101,38.120842998296602 27.181105964468099,38.125434479416697 27.180247657583799,38.128877900763399 27.190890662953901,38.134143995704797 27.1949247053116,38.133738924967702 27.197156303211699,38.136844409830204
27.128835075193098,38.127730111694902 27.129865043455499,38.122733643138901 27.1336415937479,38.118749727260102 27.1361306837134,38.105378386979901 27.137761466793702,38.103824991797303 27.144885413936802,38.103689912394302 27.146344535639901,38.101190898396098 27.1447995832477,38.098083896942498 27.1477178266558,38.095179406555403 27.1498635938669,38.092207250389301 27.153811805536499,38.0930178504209 27.156815879632699,38.097070715732102 27.1613649061212,38.094233733612498 27.161965720941001,38.083627849040603
27.161965720941001,38.083560290704199 27.159476630975401,38.078831052024398 27.156901710321801,38.077750040237298 27.153382652094798,38.078020294681998 27.142567985347601,38.081195709598198 27.138533942989799,38.081263270119301 27.135529868893599,38.079709362334903 27.132096641354799,38.080452539743099 27.1281484296861,38.086195019573097 27.126174323851298,38.086667909576498 27.1217969587392,38.086803020443703 27.115617149170401,38.090248263199001 27.111840598877102,38.094571475354101 27.107119911012301,38.096935623842398 27.104974143800298,38.104297767740199 27.102570884523001,38.108417542896703 27.102742545900199,38.1113890397638 27.104888313112198,38.115035711615 27.103944175538899,38.122193463893701 27.102828376588299,38.122801165263198 27.099738471803899,38.121788326837297 27.097678535280998,38.118682201388403 27.091842048465701,38.115440886136902 27.090211265384401,38.112807211563897 27.092013709842,38.108687683970999 27.095876090823399,38.103149592286101 27.097678535280998,38.1011233562906 27.0987943342306,38.098218986708702 27.097077720461201,38.095584691213503 27.090983741580501,38.090586023356998
27.053304069343401,38.093625794543698 27.057938926520901,38.093085400016101 27.064290397466898,38.085384343878701 27.063603751959899,38.083627849039097 27.058625572028799,38.084843888423201 27.056222312751501,38.083627849039097 27.045922630135902,38.0847087739347 27.043691032235699,38.079709362333503 27.044206016366498,38.074033940341003 27.053304069343401,38.070790644314897 27.068410270513699,38.072142035135997 27.075791709721202,38.064844228100803 27.0783666303758,38.057545693071098 27.0831731489296,38.056329199792202 27.0886663129913,38.054842347213103 27.094846122560199,38.060113779144601 27.1056607893074,38.060789576290297 27.106690757568899,38.0640333157138 27.104974143799399,38.067276911336201 27.1058324506837,38.071466342846698 27.104802482422201,38.072277172845197 27.097592704591001,38.0682229329717 27.095189445314599,38.070655503860102 27.096562736329599,38.078087858135497 27.092614524660899,38.079033739954099 27.088151328860601,38.079168864929599 27.086091392336801,38.082276670448202 27.091069572267799,38.090653575199603 27.1003392866219,38.093490696286899 27.106347434814399,38.092815201254403 27.118363731199398,38.082411789430502 27.124886863523599,38.080790345157702 27.1320966413539,38.075520402956897 27.139134757808701,38.075250139273997 27.140679710200899,38.072142035135997 27.134499900631202,38.067141764390101 27.124715202146401,38.062005995425899 27.122311942869,38.056329199792202 27.122998588377001,38.052814772291001 27.118707053953901,38.049705714989003 27.119393699461799,38.046326155105 27.124200218015599,38.043757585253701 27.124715202146401,38.046190969464398 27.125058524899899,38.052679598632302 27.124886863523599,38.059437975757803 27.1338132551233,38.064168468402599 27.135014884762001,38.056599533379199 27.139306419185001,38.0559236975391 27.1513227155701,38.060789576290297 27.153897636224599,38.056734699798596 27.155785911370401,38.052138901501699 27.162995689201502,38.046326155105 27.1669439008711,38.041864897176602 27.166085593985901,38.035375309505099 27.159562461662698,38.033752822733199 27.153210990716701,38.036997760336597 27.154755943108899,38.040377750795898 27.153897636224599,38.044703910945898 27.145486228754802,38.047948363319499 27.136559837154199,38.049435355939799 27.131066673092398,38.047813180675 27.130723350338901,38.042000090804798
27.0510724714423,38.067276911337601 27.065835349858201,38.051057495260501 27.074761741458801,38.043487204239 27.0919278791512,38.017255500505399 27.0919278791512,38.017255500505399 27.0922712019056,38.017796455213698
27.154755943108,38.040242554173901 27.172780387685499,38.0433520133572 27.183423393055499,38.0414593147974 27.191663139148201,38.045244662994399
27.162652366447102,38.059708297862699 27.1726087263092,38.0611950515842 27.176213615224299,38.058491840532099 27.180333488271099,38.053896152574403 27.1854833295784,38.051192671914798 27.186341636463599,38.052409250567997 27.185311668201201,38.0598434585403 27.178445213124501,38.065655131502403 27.1696904829011,38.067276911338297 27.163167350577801,38.064303620843297 27.160935752677702,38.062411463978599 27.1624807050699,38.060113779146
27.216210716048899,38.0691689423751 27.2237638166336,38.066871469749699 27.2314027479065,38.065722706379802 27.2361234357721,38.064168468404098 27.239299171245602,38.060992314219099 27.239556663310999,38.056329199793602 27.2314027479065,38.036524549225298
27.215867393294499,38.056734699800003 27.2246221235179,38.057342945596901 27.228913657941,38.059505556378497 27.233033530987701,38.059370395077501 27.235179298198801,38.056531950077698 27.2343209913146,38.052612011710998 27.230372779644998,38.049435355941199 27.2292569806954,38.046799302882498 27.2306302717104,38.042743651298302 27.228484504499299,38.041729703301002 27.217584007063898,38.042540862822001
27.214236610214101,38.037268165315197 27.221789710798799,38.037606170133301 27.226853721417999,38.035578117826603 27.231231086530201,38.036118937266401
27.231488578595499,38.036118937266401 27.232175224102601,38.034158447797701 27.238526695049501,38.029831664656797 27.239556663310999,38.023070554363898 27.235179298198801,38.018540261417797 27.233033530987701,38.018607879789798 27.2335485151185,38.014415422781298 27.228141181744899,38.000213383465002
27.215009086410198,38.033955635547301 27.2241929700753,38.023408624696899 27.232947700298698,38.0156326124252
27.201104514878601,37.995411119323798 27.2020486524519,38.0006191941943 27.204451911729301,38.0093435816975 27.2033361127787,38.016241199666702 27.198787086290299,38.022597253277802 27.199302070420998,38.029087973066098 27.204709403794599,38.033955635547301 27.209945075790099,38.0340232396929 27.214579932967698,38.0305077413691 27.218699806014399,38.024558052161503 27.222562186994899,38.008870191958202 27.225652091779299,38.005894529319697 27.228141181744899,38.0006868290981
27.2106317212981,38.009546462078397 27.212949149887301,38.006232678883798 27.217154853621299,38.000416289110397 27.2208455732255,37.999469391295897 27.224021308699001,38.000213383465002 27.218013160506501,38.005759269057897 27.216210716048899,38.006300308609198 27.213893287459701,38.009614088747099 27.211060874740699,38.010560855561103 27.2106317212981,38.0098845947985
27.228227012433901,38.000551559229002 27.227797858991298,37.993787747659503 27.2280553510567,37.9887144796417
27.2415307691458,37.986549778504603 27.246594779765001,37.989796806259498 27.2615293195581,37.993923030003302 27.268567436011999,37.993043690305903 27.278266303808699,37.996019874435099 27.280497901708902,37.992908406339602 27.276635520727499,37.990608540743899 27.2761205365967,37.986549778504603
27.270455711157801,37.993787747659503 27.273717277319399,37.986888017267603
27.262387626442301,37.993720106393297 27.259297721657902,37.989255644946503 27.251487129007799,37.988579187691499 27.243934028422199,37.982558443348097
27.291312568455201,37.990946760794301 27.295089118747601,37.993043690305903 27.295604102878301,37.995411119323798 27.304616325167,37.9963580695362
27.374482505578701,37.952041234587199 27.3822072675407,37.9528533866552 27.3882154157332,37.955966553069402 27.397485130087301,37.951905875035997 27.408128135456401,37.952718028600501 27.413621299518201,37.950416903514203 27.450700156934701,37.970718460392597 27.467694633250701,37.982761397831702
27.3844388654399,37.9628691905476 27.416196220171798,37.966793930360801 27.4307874372114,37.965305260643703 27.4367955854039,37.970718460392597
27.3844388654399,37.964222572800502 27.399373405233,37.971936375332703 27.410188071979299,37.979108131232302 27.441773765334901,37.986955664832799 27.460828178173902,37.986414482562701
27.380490653771201,37.976401890573896 27.400403373494498,37.975995945868704 27.4065831830642,37.975995945868704 27.410359733356501,37.969906505873901 27.4189428022027,37.972342342489199 27.417226188434199,37.9770784600938 27.418084495318499,37.979243440645398
27.3142293622765,37.948251072883799 27.3355153730156,37.941753197915801 27.3533681562159,37.923068606851899 27.370362632532,37.897877514409402 27.370362632532,37.897877514409402 27.366757743616802,37.896929294134601
27.361607902308599,37.988038017396903 27.3537114789703,37.992908406339602 27.348904960415599,38.000754463938698 27.354226463101099,38.006570826887703 27.3593763044084,38.010763732572599 27.365899436731699,38.0090054464807
27.353883140346699,38.000213383465002 27.361607902308599,38.008329171370498 27.3652127912246,37.999266483029899
27.327275626923001,38.029290798793298 27.354398124477399,38.054166495148202
27.335687034392802,38.058627003455797 27.341695182585301,38.042270477312996
27.334485404754101,38.057951186338599 27.3193792035838,38.058086350261597 27.3015264203835,38.066060579831102 27.305817954806599,38.034699277719596
27.2232488325029,38.094976763383499 27.2292569806954,38.094031087819303 27.229428642072602,38.105783615073797
27.233720176495702,38.111861766756903 27.2510579755652,38.108214936436497 27.2635892560819,38.107809721828801 27.264619224343399,38.1092954977345 27.2606710126738,38.112131895093803 27.2483113935353,38.112807211563897 27.240586631573301,38.117129089116197 27.2338918378729,38.117399197970997 27.2335485151185,38.120370329437101 27.241788261211099,38.123476383075399 27.244706504619199,38.126312229694598 27.252431266581102,38.126177191877098 27.2580960920201,38.1299581563419 27.248654716288801,38.1383295950071
27.741322868075901,38.046461340497402 27.722440116614099,38.0559236975405 27.709393851966698,38.070790644316297 27.7172902753058,38.073493400991502 27.720036857336702,38.0786283635315 27.7299932171988,38.083762965526603 27.734456412999101,38.080790345159102 27.754712455476799,38.087546125752198 27.838826530171801,38.0943012820861
27.754025809969701,38.045379850382297 27.7842382123094,38.049705714991099
27.7255300213994,38.045109475357599 27.687421195721399,38.063763009589898
27.634206168873199,38.050787141204502 27.681241386151701,38.068087787775298
27.6651052167208,38.061600524629903 27.669568412521102,38.055383024375303 27.685361259198501,38.046731710530601 27.658238761643201,38.050516786148499
27.650342338304899,38.055112686294898 27.6592687299046,38.050516786148499 27.649999015550499,38.035375309507899 27.662701957443499,38.025910296682497 27.655492179612299,38.013739197579703 27.623563163503999,38.011034234383203
27.5991872479796,38.0456502244093 27.517476432561001,37.994531797465797
27.524686210392201,38.001836612909202 27.540822379824,38.018607879789798
27.615666740164901,38.032941565871504 27.5940374066723,38.016714541805797 27.582707755794299,38.000754463939401 27.596440665948698,37.978566891084199
27.602277152764,37.999672298999798 27.600903861749,37.9899320959642 27.586140983333099,37.986143889931803 27.5761846234711,37.972071697968602
27.569661491147802,37.999672298999798 27.557301872009301,37.994802359160801 27.550435416931599,37.975048732826401 27.540135734316099,37.975860630469199 27.538075797793098,37.9693651978736 27.523312919377201,37.965846598579503 27.517133109807499,37.936879414614602 27.507863395453398,37.921443635380101
27.8583959271424,38.1067291385529 27.876248710343599,38.098624254511897
27.8923848797745,38.105108233669498 27.9813054730243,38.116183700256499
27.919507377329801,38.115373357206998 27.983708732301601,38.1194249825394
28.001904838255498,38.111051375754201 28.0451635052417,38.0997049576618
28.047566764519001,38.097273353098601 28.132367484722,38.057005031889901
28.094601981797599,38.124016552829701 28.1447271038605,38.104567924049597 28.2103017498473,38.067006617195801 28.2515004803106,38.055923697541303
28.244977347987401,38.071871758971596 28.271069877280301,38.075925796611799 28.285146110189199,38.078628363532196 28.282399528158301,38.090248263199697 28.3174184490518,38.097813716660802 28.330808036451799,38.099975130952501 28.344884269360701,38.103217132518701 28.337674491529501,38.115373357206998 28.346944205883599,38.130228217739003 28.3757833172074,38.139679737119202
28.2693532635118,38.094031087819303 28.301968925128001,38.081871312003898 28.383679740546601,38.048353909758802 28.408055656070101,38.045920597437103
28.302655570635899,38.082682026649501 28.322224967605599,38.086195019574497 28.339047782544501,38.079979609540203 28.367886893869201,38.079709362336402 28.382649772285099,38.086465242807698 28.400845878238901,38.081601071790701 28.410802238100999,38.080790345159798 28.4238485027475,38.077277092555697 28.424535148255401,38.081601071790701 28.445821158994502,38.0832224980863 28.475003593072799,38.072682584475999 28.513799064258698,38.045109475357599
28.345227592114199,38.104297767741599 28.378186576484801,38.087275906515003 28.3812764812692,38.085924795341803
28.476720206842199,38.058356677358702 28.504872672658099,38.077817603942698
28.443417899718099,38.122666120952701 28.500066154104299,38.075655534426303 28.535771720505799,38.058627003457197
27.810502402978699,38.063087239904903 27.847066276265402,38.059708297863402
27.833333366110899,38.032806355521103 27.851701133441999,38.033617613882399 27.885861747451301,38.030102096090999
27.878651969620101,38.049164995894202 27.896504752820402,38.036321743527402 27.965512626346001,38.0175259783597 27.991776817016198,38.011575235008003
27.923798911752002,38.0493001760425 27.944741599737601,38.057680857745098
27.916760795298,38.088762099965003 27.942853324591901,38.0867354650427 27.968945853884801,38.077817603942698 27.975640647585301,38.059843458541003 27.965512626346001,38.049029815495601 27.938905112922299,38.055383024375303 27.9136708905136,38.053490636841801 27.912640922252201,38.060924734973597 27.9162458111673,38.068763511272998 27.932210319221898,38.073087993857598 27.9205373455904,38.076196057797901 27.916932456675202,38.088086561232998
26.6888669661245,38.2755110788111 26.696763389462699,38.2951835560687 26.686120384093599,38.297608560784603 26.679253929015999,38.290063835519597 26.677193992492999,38.270120428599299
26.653848045231001,38.309462972673302 26.665521018861501,38.287369100679697
26.680283897277398,38.304883088636998 26.673760764954199,38.274972031797397 26.673760764954199,38.244779012960898
26.6600278547998,38.285213240770901 26.667924278138901,38.240464700328303
26.676507346985101,38.247744954374099 26.659341209292698,38.235610792582101 26.657624595523298,38.206750320110302
26.6353086165227,38.241004003409302 26.661401145815699,38.211875912841897
26.6490415266762,38.227250525249801 26.648011558414801,38.218889296914398 26.632562034491801,38.205131636891402
26.634621971014798,38.293297385258398 26.6353086165227,38.198656544086298 26.6353086165227,38.198656544086298 26.634621971014798,38.197037680905403
26.6301587752145,38.285752211750598 26.6315320662295,38.276319641829197 26.619515769844501,38.237228797833801
26.590333335767099,38.250710774766098 26.625008933906201,38.2380377869586
26.592736595043601,38.259068344731702 26.622605674629799,38.204861852855799
26.564927451981202,38.279553803864601 26.593766563305,38.258529175676301
26.5481046370424,38.269581341569598 26.5288785628262,38.267155400419803 26.515488975425299,38.237768124917302
26.4983228377329,38.246936073263399 26.468453758146701,38.232374674071103 26.4396146468229,38.227789926336101
26.4485410384235,38.269042250538497 26.4698270491626,38.246127183151202
26.456437461761698,38.260416249864299 26.4646772078544,38.2706595116275 26.513085716148801,38.2903333035012 26.518578880210601,38.310540550418303 26.4804700545317,38.3555151310496
26.474633567716399,38.361168641336199 26.499352805994398,38.382432654019098
26.514802329918201,38.422252211639197 26.5608075789353,38.402076123248797
26.561837547196799,38.403690417633896 26.548447959795901,38.418755426612002 26.538148277180301,38.434355160360901 26.515488975425299,38.443767162526903 26.515145652671698,38.443767162526903 26.513429038902299,38.428438416630499 26.541924827472599,38.434893022113798
26.502786033533202,38.484090413601102 26.580376975905001,38.451295880681698
26.548791282550301,38.475221232705501 26.5549710921191,38.467157394042303 26.550507896319701,38.459899168216303 26.550164573565301,38.459899168216303 26.548447959795901,38.457748442514799
26.574197166335299,38.454253376489604 26.5820935896744,38.443229366889902 26.579690330397099,38.428707370044798
26.577973716627699,38.415258472315301 26.5851834944588,38.400461792812003
26.514115684410299,38.485702874699697 26.513429038902299,38.492958503185598 26.529908531087599,38.542653339399301
26.523042076010899,38.545070050872098 26.53368508138,38.533791369215102 26.5391782454418,38.554736084628303 26.548791282550301,38.570037980403001
26.550164573565301,38.488390229693302 26.545358055011501,38.521705105004798
26.5408948592112,38.519556223292 26.5584043196579,38.5230481234967 26.592736595043601,38.544264489404902
26.584496848950899,38.538893849025399 26.59239327229,38.5230481234967
26.602349632152102,38.5359398258787 26.6102460554903,38.511228700708998
26.5996030501212,38.4851653916758 26.621575706368301,38.483821666577498
26.582780235182401,38.502900214875098 26.553941123857701,38.525196900956701
26.387429588236099,38.519287608567303 26.389489524759899,38.532448551218103 26.398072593606098,38.527345614259602 26.395669334328701,38.514721004876598
26.411805503760501,38.486509091720102 26.405282371437298,38.484090413601102 26.387086265482498,38.462049829794601
26.401162498390502,38.446993852197103 26.399445884621102,38.462049829794601 26.415238731299301,38.469307839196297
26.500726097009402,38.568427407955703 26.474290244962901,38.566816799407597
26.483216636562599,38.568964269449602 26.4996961287479,38.600900308028201
26.4825299910556,38.591777174841297 26.478066795255302,38.594997236599902 26.480126731778199,38.613509788681 26.470857017424098,38.623971292464397 26.467080467131701,38.646766718577901
26.481843345547599,38.623166615577702 26.5000394515023,38.610022281678702
26.390862815774899,38.609217448295198 26.3771299056205,38.580505821321999
26.4306882552223,38.672503423203999 26.459527366547,38.650788688303102
26.457810752777601,38.669018785867401 26.442017906100201,38.652129294705098
26.465707176115799,38.654274212769003 26.486306541347901,38.666874309357702
26.408372276221701,38.678400115374899 26.417298667822301,38.668214614703203 26.4324048689917,38.665265909825102 26.4378980330535,38.661512837082498 26.446137779146099,38.6612447529318
27.383752219932902,38.513915103565701 27.3971418073337,38.5149896366419 27.412248008503202,38.526271265628203 27.408471458210801,38.5399680091842 27.412591331257602,38.541847750862601 27.414307945027002,38.536476930019397 27.435937278519699,38.544264489404902 27.435937278519699,38.549634728740699 27.4149945905341,38.549366226299199 27.418084495319398,38.559031682518302 27.429757468949902,38.564937710474901 27.419114463580801,38.576479909176001
27.4366239240276,38.559568614205098 27.4307874372114,38.576211507009397 27.464433067089999,38.604924851109303
27.4507001569355,38.6084126058837 27.4647763898435,38.604656555258998 27.5375608136615,38.576479909176001 27.550263755554401,38.563595474010803
27.506661765814702,38.567890542451302 27.510438316107098,38.5560784865432 27.529321067568802,38.527882782560901
27.457566612013199,38.536745480586298 27.4668363263673,38.552856679835003 27.476792686228499,38.5566154402905
27.475076072459998,38.558226277466403 27.492585532906801,38.5359398258787
27.4860624005826,38.555541528785902 27.495675437691201,38.546144118792299
27.446580283889698,38.545070050872098 27.4664930036129,38.538893849026103 27.477479331736401,38.532717116823001
27.462029807812598,38.538625306479602 27.470956199413202,38.542116281377403 27.479539268259401,38.551782712179303
27.473917358164901,38.581042592559299 27.4858478238618,38.574466868484997
27.486362807992499,38.578492893455 27.4934867551355,38.573057706437702
27.4748614957382,38.576681210142397 27.4917701413661,38.570172193144302
28.0349067379688,38.285280612362101 28.0706123043703,38.287436470269903 28.084345214524699,38.291209067529699 28.190775268220399,38.293903659794204 28.258066527976599,38.335926342450101
28.089151733078499,38.377386381099001 28.113870971356501,38.373618267781097 28.1234840084641,38.363927932451503 28.150949828773001,38.366081452434003 28.1791022945898,38.349389996717399 28.259439818992501,38.335387744230097
28.1791022945898,38.269648727666898 28.207941405913601,38.287436470269903 28.235407226222399,38.297137038437 28.304071776993698,38.295520367125903 28.323297851209801,38.283663676910798 28.350763671518699,38.2868975117958 28.365183227181099,38.278812654455599 28.390589110966101,38.281507706949 28.4098151851823,38.296598152002701 28.422174804321699,38.299831410575202 28.4455207515838,38.289592264145298 28.478479735954402,38.288514375211399 28.499765746693502,38.271805049775303 28.494959228139699,38.2491604746576 28.495645873646701,38.2491604746576 28.490839355092898,38.248621232085704
28.3940223385049,38.269648727666898 28.426294677367601,38.2308239829173
28.348703734995802,38.2496997132288 28.3850959469043,38.231363357503
28.312311523086301,38.207087541250601 28.3356574703493,38.1919785014939
28.2903388668392,38.193057822593097 28.3370307613643,38.157971700033102
28.2374671627454,38.193057822593097 28.289652221332201,38.170388720687598
28.3761695553046,38.1423124423847 28.385782592412198,38.155812002299697 28.407755248659299,38.149332525335304 28.429041259398399,38.146632573376401 28.444834106075799,38.1736275956426 28.422861449828702,38.190899164398701 28.439340942013999,38.203850153816099 28.3727363277658,38.220035651189001
28.258066527976599,38.335926342450101 28.293085448870102,38.334849142006497 28.326731078748701,38.387613127994399
28.060312621754701,38.306836309843597 28.096018188156201,38.326769628232903
28.098764770187099,38.354236299642899 28.064432494800599,38.306297495453698 28.064432494800599,38.306297495453698 28.0637458492935,38.308991527375497
27.854318969439301,38.293903659794204 27.904444091503098,38.3084527289964 27.9319099118111,38.319766654353799 27.981348388367,38.343466297137297
27.428598754654899,38.206547986676298 27.429285400162801,38.195216416805799 27.410745971454599,38.176866326661802
27.268095367224898,38.1639105389891 27.2696403196171,38.154732129447801 27.2656921079485,38.152437346543998
26.382494323646,38.324749609045803 26.3965705565539,38.299966126556498
26.2808707885041,38.2987536737282 26.2982944182619,38.2993599026751
26.3374332122022,38.273557014347197 26.355200164714301,38.266548902472501
26.322756164474502,38.247070887407901 26.328850143356,38.227857351191801
27.053604476749701,38.119695082904101 27.0606425932036,38.126042153812598 27.059269302188699,38.132388672943101 27.091369979674099,38.142244938310498
27.5083354642342,38.380952450448298 27.5210384061272,38.381087015661301 27.5387195279502,38.391716876433001 27.546272628535799,38.393331402145002 27.5538257291206,38.394004110552501 27.566185348259101,38.398847426325503 27.5780299832678,38.410012723503897
27.531938903562502,38.512303273880903 27.536573760740001,38.519556223293399
27.631845824934899,38.409272907774103 27.642488830304998,38.405102895647701 27.650728576397601,38.408062283879403 27.668581359597901,38.4068516397043 27.680940978737301,38.409541932551797 27.6981071164297,38.407389706286096 27.7099517514384,38.409003881994799 27.717848174776599,38.4217815004397 27.7312377621775,38.420033117691403 27.7482322384936,38.4318674976357 27.776556365686702,38.429446986772199 27.785482757287301,38.423529840869797
27.11125168636023,38.455946845335077 27.082412575036393,38.480676936988402 27.038467262542245,38.511846267420232 27.03160080746548,38.545150291846454 27.063186500820205,38.580586022742338 27.072799537927846,38.596687396754895
26.951949928569835,38.762856740184091 26.972549293801016,38.739294911866203 27.000015114109864,38.70608095558125 27.067306373866082,38.646042425816347 27.085159157067274,38.608492776132351
27.123611305498759,38.620296213470112 27.085159157067274,38.608492776132351
27.085159157067274,38.608492776132351 27.153823707838487,38.625660770213592 27.188155983224988,38.617077286805333 27.232101295718241,38.642824654957288 27.336471412890948,38.652477534055151
27.060439918789317,38.70608095558125 27.056320045742538,38.707152614480499 27.166183326977919,38.653549995901869
27.166183326977919,38.653549995901869 27.163436744947028,38.656767285106305
27.135970924638187,38.678212186740787 27.08653244808227,38.702865882509208
27.10713181331435,38.69965066488141 27.04258713558902,38.741437217607668
26.923110817245998,38.758573349852647 26.90800461607569,38.656767285106305
27.070052955896966,38.764998338934483 27.248580787903546,38.727511081571009
27.127731178545535,38.50432387069965 27.226608131656469,38.483901975845981
27.218368385563821,38.473151285153023 27.120864723467875,38.476376660709263
26.950576637554843,38.767139873406585 26.973922584816911,38.79069250992832 27.027480934418705,38.783199332968998 27.046707008634893,38.774634737851628
26.890151832875389,38.824937003082496 26.936843727400419,38.766069114205038
27.004134987156636,38.858095656705366 27.065933082851089,38.855956855038087 27.108505104329343,38.846331451551592 27.135970924638187,38.826006878246304
27.063186500820205,38.868788700157872 27.118118141436991,38.951071257211346 27.118118141436991,38.948935254606162
27.101638649252582,38.866650220121812 27.175796364085564,38.991643075377766
27.1510771258076,38.968156960672722 27.212875221502053,39.042858462334578
27.212875221502053,39.042858462334578 27.208755348456172,39.041791853485215
27.059066627773429,38.902995631230922 27.109878395345234,38.969224680342691 27.145583961745835,39.04392505508136
27.145583961745835,39.04392505508136 27.144210670730843,39.047124736699317
27.071426246912853,38.941458738595223 27.081039284020498,38.984171065735971
27.083785866051382,38.986306006116905 27.145583961745835,39.07058463980411
27.156570289869368,39.067386021115595 27.159316871900252,39.06951844968124 27.177169655101451,39.071650813821115
27.179916237132336,39.06951844968124 27.244460914857672,39.09616837050212
26.869552467644205,39.064187257470671 26.914871071153346,39.0076518685172
26.914871071153346,39.0076518685172 26.91761765318423,39.006584728330509 26.913497780137455,39.011920268273144
26.901138160998922,39.042858462334578 26.953323219585727,39.004450399659611
26.918990944199223,39.056722911936163 26.961562965678375,39.06098834887414
26.9931486590331,39.054590096837082 26.9931486590331,39.054590096837082
26.916244362168339,39.103628544142929 26.953323219585727,39.072716971730728 26.969802711770136,39.072716971730728
26.98353562192456,39.092970911581453 27.0110014422334,39.080179626102847
26.98353562192456,39.111087928372001 27.021987770356937,39.091905059722194
27.298019264459466,39.216500377718944 27.317245338675658,39.25798311219917
27.254073951965317,39.047124736699317 27.354324196092147,39.084443645662951
27.403762672648064,38.895514272480625 27.403762672648064,38.894445442601047
27.357070778123028,38.946799187632735 27.357070778123028,38.946799187632735 27.362563942184799,38.942526860585275 27.406509254678948,38.893376596636685