["Aliağa_1",38.7885,26.9568,1115],
["Aliağa_2",38.8008,26.9699,846],
["Aliağa_3",38.8852,27.0680,4937],
["Aliağa_4",38.7471,26.9037,1007],
["Aliağa_6",38.7768,27.0145,212],
["Aliağa_8",38.8448,27.1396,3547],
["Aliağa_9",38.8535,27.0353,991],
["Aliağa_10",38.8191,27.0965,425],
["Aliağa_11",38.8407,27.1150,368],
["Aliağa_12",38.7275,26.9854,2147],
["Balçova_1",38.3878,27.0433,15750],
["Balçova_2",38.3857,27.0315,14375],
["Balçova_3",38.3937,27.0345,8550],
["Balçova_4",38.3944,27.0452,2625],
["Balçova_5",38.3948,27.0473,1250],
["Balçova_6",38.3901,27.0381,7050],
["Balçova_7",38.3844,27.0610,625],
["Balçova_8",38.3951,27.0401,1000],
["Balçova_9",38.3869,27.0485,1000],
["Balçova_10",38.3989,27.0681,1000],
["Balçova_11",38.3956,27.0567,1000],
["Bayındır_1",38.220603,27.645947,2450],
["Bayındır_2",38.216341,27.650654,1325],
["Bayındır_3",38.213034,27.644218,775],
["Bayındır_4",38.215948,27.640833,375],
["Bayındır_5",38.221864,27.643890,475],
["Bayındır_6",38.223543,27.654574,1275],
["Bayındır_7",38.188593,27.555094,2235],
["Bayındır_8",38.165461,27.492168,1135],
["Bayındır_9",38.204674,27.727482,108],
["Bayraklı_1",38.4521,27.1840,5203],
["Bayraklı_2",38.4652,27.1948,2707],
["Bayraklı_3",38.4980,27.1549,2500],
["Bayraklı_4",38.4847,27.1222,11323],
["Bayraklı_5",38.4805,37.1372,3045],
["Bayraklı_6",38.4784,27.1155,1175],
["Bayraklı_7",38.4795,27.1209,4639],
["Bayraklı_8",38.4689,27.1403,1378],
["Bayraklı_9",38.4745,27.1555,10481],
["Bayraklı_10",38.4637,27.1691,1957],
["Bayraklı_11",38.4683,27.1816,4013],
["Bayraklı_12",38.4568,27.1864,1448],
["Bayraklı_13",38.4999,27.1517,1500],
["Bergama_1",39.112742,27.174079,3750],
["Bergama_2",39.100627,27.159058,1375],
["Bergama_3",39.114157,27.202573,12750],
["Bergama_4",39.112916,27.176229,1825],
["Beydağ_1",38.088578,28.218957,380],
["Bornova_1",38.4676,27.2136,85000],
["Bornova_2",38.4630,27.2086,4400],
["Bornova_3",38.4223,27.1892,100750],
["Bornova_4",38.4638,27.2274,137000],
["Bornova_5",38.4176,27.1862,44000],
["Bornova_6",38.4186,27.1861,37250],
["Bornova_7",38.4632,27.2177,11250],
["Bornova_8",38.4741,27.2344,90000],
["Bornova_9",38.4459,27.2232,64000],
["Bornova_10",38.4335,27.2720,24500],
["Bornova_11",38.4625,27.2571,55500],
["Bornova_12",38.4504,27.2544,7500],
["Bornova_13",38.4558,27.2170,32500],
["Bornova_14",38.4671,27.2138,15000],
["Bornova_15",38.4546,27.2285,15000],
["Bornova_16",38.4661,27.2538,15000],
["Buca_1",38.3960,27.1929,25250],
["Buca_2",38.3878,27.1513,81750],
["Buca_3",38.3849,27.1548,32500],
["Buca_4",38.3852,27.1659,32500],
["Buca_5",38.3882,27.1668,25500],
["Buca_6",38.3825,27.1734,2625],
["Buca_7",38.3821,27.1767,27500],
["Buca_8",38.3752,27.1962,50000],
["Buca_9",38.3919,27.1512,11250],
["Buca_10",38.3836,27.1707,1508],
["Buca_11",38.3880,27.1570,1136],
["Buca_12",38.3867,27.1819,1125],
["Buca_13",38.3858,27.1451,1777],
["Buca_14",38.3770,27.1774,1047],
["Buca_15",38.4010,27.1591,1190],
["Buca_16",38.3704,27.1908,2566],
["Buca_17",38.3940,27.1536,2096],
["Buca_18",38.3683,27.1853,1486],
["Buca_19",38.3961,27.1742,8931],
["Buca_20",38.3846,27.1763,10400],
["Buca_21",38.3953,27.1739,3450],
["Buca_22",38.4027,27.1499,2407],
["Buca_23",38.3818,27.1853,5619],
["Buca_24",38.3878,27.1435,3883],
["Buca_25",38.3861,27.1747,1576],
["Buca_26",38.4030,27.1539,852],
["Buca_27",38.3696,27.2009,5750],
["Buca_28",38.3726,27.1993,2750],
["Çiğli_1",38.4850,27.0746,10654],
["Çiğli_2",38.4953,27.0500,2150],
["Çiğli_3",38.4903,27.0645,6000],
["Çiğli_4",38.4948,27.0524,2423],
["Çiğli_5",38.5061,27.0644,1305],
["Çiğli_6",38.5072,27.0628,4051],
["Çiğli_7",38.4977,27.0861,1235],
["Çiğli_8",38.4838,27.0648,1000],
["Çiğli_9",38.4918,27.0569,1070],
["Çiğli_10",38.4944,26.9539,1000],
["Çiğli_11",38.4979,26.9530,2416],
["Çiğli_12",38.4846,27.0704,8614],
["Gaziemir_1",38.3407,27.1427,975],
["Gaziemir_2",38.3390,27.1441,875],
["Gaziemir_3",38.3370,27.1044,775],
["Gaziemir_4",38.3262,27.1268,775],
["Gaziemir_5",38.3296,27.1318,1250],
["Gaziemir_6",38.3290,27.1385,437],
["Gaziemir_7",38.3221,27.1391,1550],
["Gaziemir_8",38.3189,27.1338,2750],
["Gaziemir_9",38.3155,27.1350,1325],
["Gaziemir_10",38.3157,27.1389,1750],
["Gaziemir_11",38.3062,27.1392,825],
["Gaziemir_12",38.3054,27.1399,775],
["Gaziemir_13",38.3081,27.1411,875],
["Gaziemir_14",38.3416,27.1428,800],
["Gaziemir_15",38.3246,27.1371,800],
["Gaziemir_16",38.2958,27.1864,800,
["Gaziemir_17",38.3069,27.1777,800],
["Gaziemir_18",38.2937,27.1670,800],
["Gaziemir_19",38.2930,27.1746,800],
["Gaziemir_20",38.3127,27.1310,800]
["Gaziemir_21",38.3139,27.1299,800],
["Gaziemir_22",38.3174,27.1345,800],
["Gaziemir_23",38.3204,27.1325,800],
["Gaziemir_24",38.3170,27.1339,800],
["Gaziemir_25",38.3181,27.1359,800],
["Gaziemir_26",38.3287,27.1309,800],
["Gaziemir_27",38.3185,27.1308,800],
["Gaziemir_28",38.2912,27.1762,800],
["Gaziemir_29",38.2975,27.1750,800],
["Gaziemir_30",38.2975,27.1766,800],
["Gaziemir_31",38.2964,27.1639,800],
["Gaziemir_32",38.3119,27.1319,800],
["Gaziemir_33",38.3211,27.1455,800],
["Gaziemir_34",38.3076,27.1372,800],
["Gaziemir_35",38.3155,27.1366,800],
["Gaziemir_36",38.3565,27.1275,800],
["Gaziemir_37",38.3049,27.1375,800],
["Güzelbahçe_1",38.3760,26.8785,1565],
["Güzelbahçe_2",38.3756,26.892,1225],
["Güzelbahçe_3",38.3645,26.8854,5750],
["Güzelbahçe_4",38.3779,26.9001,1140],
["Güzelbahçe_5",38.3608,26.8839,443],
["Güzelbahçe_6",38.3597,26.8864,1000],
["Karabağlar_1",38.3654,27.1068,1475],
["Karabağlar_2",38.3923,27.0913,1980],
["Karabağlar_3",38.3920,27.0771,1350],
["Karabağlar_4",38.3922,27.0934,1007],
["Karabağlar_5",38.3937,27.0982,2012],
["Karabağlar_6",38.3885,27.0755,1442],
["Karabağlar_7",38.4029,27.1172,2237],
["Karabağlar_8",38.4000,27.1048,825],
["Karabağlar_9",38.3899,27.1157,24],
["Karabağlar_10",38.3839,27.1003,1215],
["Karabağlar_11",38.3962,27.1214,2487],
["Karabağlar_12",38.3702,27.1091,2377],
["Karabağlar_13",38.3712,27.1080,872],
["Karabağlar_14",38.3725,27.1336,1162],
["Karabağlar_15",38.3992,27.1119,975],
["Karabağlar_16",38.3791,27.1275,1371],
["Karabağlar_17",38.3895,27.0871,1445],
["Karabağlar_18",38.3904,27.0981,1047],
["Karabağlar_19",38.3870,27.1066,2128],
["Karabağlar_20",38.3971,27.0956,3504],
["Karabağlar_21",38.3722,27.1237,1273],
["Karabağlar_22",38.3900,27.1120,1573],
["Karabağlar_23",38.3817,27.1124,1384],
["Karabağlar_24",38.3720,27.1318,1473],
["Karabağlar_25",38.3815,27.1301,683],
["Karabağlar_26",38.3923,27.1185,3164],
["Karabağlar_27",38.3830,27.1157,1033],
["Karabağlar_28",38.3594,27.1250,1399],
["Karabağlar_29",38.3600,27.1228,10025],
["Karabağlar_30",38.3871,27.0759,5430],
["Karabağlar_31",38.3628,27.0964,9013],
["Karabağlar_32",38.3962,27.0641,1279],
["Karabağlar_33",38.3770,27.1094,1002],
["Karabağlar_34",38.4002,27.1177,1075],
["Karabağlar_35",38.3896,27.1003,1175],
["Karabağlar_36",38.3567,27.0931,9087],
["Karşıyaka_1",38.4724,27.0704,18227],
["Karşıyaka_2",38.4724,27.0759,7561],
["Karşıyaka_3",38.4698,27.0699,7400],
["Karşıyaka_4",38.4680,27.0865,14422],
["Karşıyaka_5",38.4665,27.0885,3912],
["Karşıyaka_6",38.4955,27.0988,2705],
["Karşıyaka_7",38.4830,27.0970,1644],
["Karşıyaka_8",38.4820,27.1088,5915],
["Karşıyaka_9",38.4733,27.1064,3000],
["Karşıyaka_10",38.4728,37.1023,1986],
["Karşıyaka_11",38.4679,27.0956,1588],
["Karşıyaka_12",38.4623,27.0982,3469],
["Karşıyaka_13",38.4552,27.0969,3100],
["Karşıyaka_14",38.4614,27.1085,3900],
["Karşıyaka_15",38.4509,27.1107,9230],
["Karşıyaka_16",38.4674,27.1216,1094],
["Karşıyaka_17",38.4495,27.1154,2000],
["Karşıyaka_18",38.4610,27.1165,2000],
["Karşıyaka_19",38.4583,27.1234,2000],
["Karşıyaka_20",38.4682,27.1114,2000],
["Karşıyaka_21",38.4591,27.0893,2000],
["Karşıyaka_22",38.4570,27.1059,2000],
["Karşıyaka_23",38.4693,27.0783,2000],
["Karşıyaka_24",38.4688,27.0713,2000],
["Karşıyaka_25",38.4749,27.0805,2000],
["Karşıyaka_26",38.4804,27.0759,2000],
["Karşıyaka_27",38.4820,27.0812,2000],
["Karşıyaka_28",38.4757,27.0749,2000],
["Karşıyaka_29",38.4789,27.0818,2000],
["Karşıyaka_30",38.4749,27.0822,2000],
["Karşıyaka_31",38.4889,27.0942,2000],
["Karşıyaka_32",38.4873,27.1013,2000],
["Konak_1",38.4298,27.1419,105100],
["Konak_2",38.4349,27.1657,24150],
["Konak_3",38.3973,27.0828,1425],
["Konak_4",38.4172,27.1274,9325],
["Konak_5",38.4287,27.1347,3325],
["Konak_6",38.4358,27.1393,3500],
["Konak_7",38.4038,27.1104,1250],
["Konak_8",38.4052,27.1172,1362],
["Konak_9",38.4047,27.1005,1137],
["Konak_10",38.4022,27.1273,1225],
["Konak_11",38.4181,27.1389,1127],
["Konak_12",38.4128,27.1313,4530],
["Konak_13",38.4291,27.1525,1240],
["Konak_14",38.4080,27.1694,1305],
["Konak_15",38.4170,27.1568,1965],
["Konak_16",38.4138,27.1617,1025],
["Konak_17",38.4194,27.1631,1237],
["Konak_18",38.4210,27.1731,79000],
["Konak_19",38.4074,27.1427,1187],
["Konak_20",38.4205,27.1670,4390],
["Konak_21",38.4052,27.1625,1500],
["Konak_22",38.3972,27.0763,2000],
["Konak_23",38.4378,27.1498,2000],
["Konak_24",38.4361,27.1733,2000],
["Konak_25",38.4073,27.1527,2000],
["Menderes_1",38.2592,27.1301,794],
["Menderes_2",38.2556,27.1351,750],
["Menderes_3",38.2317,27.1235,750],
["Menderes_4",37.9916,27.1887,750],
["Menemen_1",38.5991,27.0608,794],
["Menemen_2",38.6090,27.0701,800],
["Menemen_3",38.5937,27.0744,800],
["Menemen_4",38.6095,27.0999,800],
["Menemen_5",38.6141,27.1120,800],
["Menemen_6",38.6022,27.0742,800],
["Menemen_7",38.5986,27.0842,800],
["Menemen_8",38.6119,27.0732,800],
["Menemen_9",38.5551,27.0488,800],
["Menemen_10",38.5538,27.0471,800],
["Narlıdere_1",38.3823,26.9772,2500],
["Narlıdere_2",38.3840,26.9379,2500],
["Narlıdere_3",38.3945,26.9887,2903],
["Narlıdere_4",38.3958,26.9918,871],
["Narlıdere_5",38.3956,27.0059,1550],
["Narlıdere_6",38.3813,26.9248,1250],
["Narlıdere_7",38.3813,26.9268,2247],
["Narlıdere_8",38.3969,27.0023,3375],
["Narlıdere_9",38.3926,27.0121,675],
["Narlıdere_10",38.3937,26.9979,815],
["Narlıdere_11",38.3970,27.0055,500],
["Narlıdere_12",38.3809,27.0106,1500],
["Narlıdere_13",38.3903,27.0255,750],
["Narlıdere_14",38.3898,27.0062,500],
["Narlıdere_15",38.3827,26.9349,900],
["Narlıdere_16",38.3886,27.0322,1000],
["Narlıdere_17",38.3928,26.9932,1000],
["Narlıdere_18",38.3926,27.0233,1000],
["Narlıdere_19",38.4012,27.0023,1000],